0 0 4.8975
45.9 0 8.5695
89.88 0 12.088
132.82 0 15.543
174.95 0 19.13
216.4 0 22.984
257.22 0 27.161
297.46 0 31.689
337.15 0 36.588
376.31 0 41.872
414.96 0 47.558
453.11 0 53.66
490.76 0 60.193
527.92 0 67.174
564.58 0 74.622
600.73 0 82.555
636.38 0 90.996
671.53 0 99.923
706.18 0 109.25
740.37 0 118.89
774.11 0 128.76
807.42 0 138.81
840.33 0 148.96
872.85 0 159.15
905 0 169.32
936.8 0 179.41
968.27 0 189.37
999.43 0 199.14
1030.3 0 208.66
1060.9 0 217.85
1091.2 0 226.65
1121.2 0 251.7
1151.1 0 268.04
1180.6 0 279.24
1210 0 290.86
1239.2 0 299.67
1268 0 308.65
1296.6 0 315.68
1324.8 0 322.74
1352.7 0 328.35
1380.2 0 333.96
1407.3 0 338.51
1434 0 343.1
1460.3 0 346.97
1486.2 0 350.91
1511.8 0 354.36
1537 0 357.93
1561.9 0 361.18
1586.4 0 364.57
1610.6 0 367.75
1634.4 0 371.07
1658 0 374.28
1681.3 0 377.65
1704.2 0 380.96
1726.9 0 384.43
1749.3 0 387.89
1771.5 0 391.49
1793.4 0 395.11
1815.1 0 398.87
1836.6 0 402.65
1857.8 0 406.56
1878.9 0 410.5
1899.7 0 414.52
1920.3 0 418.55
1940.7 0 422.64
1961 0 426.71
1981 0 430.81
2000.8 0 434.88
2020.5 0 438.96
2039.9 0 443.02
2059.2 0 447.07
2078.3 0 451.1
2097.2 0 455.14
2115.9 0 459.16
2134.5 0 463.18
2152.8 0 467.19
2171 0 471.2
2189 0 475.18
2206.8 0 479.16
2224.4 0 483.11
2241.9 0 487.05
2259.1 0 490.95
2276.2 0 494.83
2293 0 498.66
2309.7 0 502.45
2326.1 0 506.17
2342.3 0 509.84
2358.4 0 513.42
2374.1 0 516.92
2389.7 0 520.31
2404.9 0 523.6
2419.9 0 526.78
2434.5 0 529.8
2448.8 0 532.61
2462.7 0 535.03
2476 0 536.88
2488.8 0 537.94
2500 0 538.45

0 500 4.8975
45.9 500 8.5695
89.88 500 12.088
132.82 500 15.543
174.95 500 19.13
216.4 500 22.984
257.22 500 27.161
297.46 500 31.689
337.15 500 36.588
376.31 500 41.872
414.96 500 47.558
453.11 500 53.66
490.76 500 60.193
527.92 500 67.174
564.58 500 74.622
600.73 500 82.555
636.38 500 90.996
671.53 500 99.923
706.18 500 109.25
740.37 500 118.89
774.11 500 128.76
807.42 500 138.81
840.33 500 148.96
872.85 500 159.15
905 500 169.32
936.8 500 179.41
968.27 500 189.37
999.43 500 199.14
1030.3 500 208.66
1060.9 500 217.85
1091.2 500 226.65
1121.2 500 251.7
1151.1 500 268.04
1180.6 500 279.24
1210 500 290.86
1239.2 500 299.67
1268 500 308.65
1296.6 500 315.68
1324.8 500 322.74
1352.7 500 328.35
1380.2 500 333.96
1407.3 500 338.51
1434 500 343.1
1460.3 500 346.97
1486.2 500 350.91
1511.8 500 354.36
1537 500 357.93
1561.9 500 361.18
1586.4 500 364.57
1610.6 500 367.75
1634.4 500 371.07
1658 500 374.28
1681.3 500 377.65
1704.2 500 380.96
1726.9 500 384.43
1749.3 500 387.89
1771.5 500 391.49
1793.4 500 395.11
1815.1 500 398.87
1836.6 500 402.65
1857.8 500 406.56
1878.9 500 410.5
1899.7 500 414.52
1920.3 500 418.55
1940.7 500 422.64
1961 500 426.71
1981 500 430.81
2000.8 500 434.88
2020.5 500 438.96
2039.9 500 443.02
2059.2 500 447.07
2078.3 500 451.1
2097.2 500 455.14
2115.9 500 459.16
2134.5 500 463.18
2152.8 500 467.19
2171 500 471.2
2189 500 475.18
2206.8 500 479.16
2224.4 500 483.11
2241.9 500 487.05
2259.1 500 490.95
2276.2 500 494.83
2293 500 498.66
2309.7 500 502.45
2326.1 500 506.17
2342.3 500 509.84
2358.4 500 513.42
2374.1 500 516.92
2389.7 500 520.31
2404.9 500 523.6
2419.9 500 526.78
2434.5 500 529.8
2448.8 500 532.61
2462.7 500 535.03
2476 500 536.88
2488.8 500 537.94
2500 500 538.45

0 1000 4.8975
45.9 1000 8.5695
89.88 1000 12.088
132.82 1000 15.543
174.95 1000 19.13
216.4 1000 22.984
257.22 1000 27.161
297.46 1000 31.689
337.15 1000 36.588
376.31 1000 41.872
414.96 1000 47.558
453.11 1000 53.66
490.76 1000 60.193
527.92 1000 67.174
564.58 1000 74.622
600.73 1000 82.555
636.38 1000 90.996
671.53 1000 99.923
706.18 1000 109.25
740.37 1000 118.89
774.11 1000 128.76
807.42 1000 138.81
840.33 1000 148.96
872.85 1000 159.15
905 1000 169.32
936.8 1000 179.41
968.27 1000 189.37
999.43 1000 199.14
1030.3 1000 208.66
1060.9 1000 217.85
1091.2 1000 226.65
1121.2 1000 251.7
1151.1 1000 268.04
1180.6 1000 279.24
1210 1000 290.86
1239.2 1000 299.67
1268 1000 308.65
1296.6 1000 315.68
1324.8 1000 322.74
1352.7 1000 328.35
1380.2 1000 333.96
1407.3 1000 338.51
1434 1000 343.1
1460.3 1000 346.97
1486.2 1000 350.91
1511.8 1000 354.36
1537 1000 357.93
1561.9 1000 361.18
1586.4 1000 364.57
1610.6 1000 367.75
1634.4 1000 371.07
1658 1000 374.28
1681.3 1000 377.65
1704.2 1000 380.96
1726.9 1000 384.43
1749.3 1000 387.89
1771.5 1000 391.49
1793.4 1000 395.11
1815.1 1000 398.87
1836.6 1000 402.65
1857.8 1000 406.56
1878.9 1000 410.5
1899.7 1000 414.52
1920.3 1000 418.55
1940.7 1000 422.64
1961 1000 426.71
1981 1000 430.81
2000.8 1000 434.88
2020.5 1000 438.96
2039.9 1000 443.02
2059.2 1000 447.07
2078.3 1000 451.1
2097.2 1000 455.14
2115.9 1000 459.16
2134.5 1000 463.18
2152.8 1000 467.19
2171 1000 471.2
2189 1000 475.18
2206.8 1000 479.16
2224.4 1000 483.11
2241.9 1000 487.05
2259.1 1000 490.95
2276.2 1000 494.83
2293 1000 498.66
2309.7 1000 502.45
2326.1 1000 506.17
2342.3 1000 509.84
2358.4 1000 513.42
2374.1 1000 516.92
2389.7 1000 520.31
2404.9 1000 523.6
2419.9 1000 526.78
2434.5 1000 529.8
2448.8 1000 532.61
2462.7 1000 535.03
2476 1000 536.88
2488.8 1000 537.94
2500 1000 538.45
