0 0 0
45.9 0 3.672
89.88 0 7.1904
132.82 0 10.646
174.95 0 14.232
216.4 0 18.087
257.22 0 22.264
297.46 0 26.791
337.15 0 31.69
376.31 0 36.975
414.96 0 42.66
453.11 0 48.762
490.76 0 55.295
527.92 0 62.276
564.58 0 69.724
600.73 0 77.657
636.38 0 86.098
671.53 0 95.025
706.18 0 104.35
740.37 0 113.99
774.11 0 123.87
807.42 0 133.91
840.33 0 144.06
872.85 0 159.15
905 0 164.42
936.8 0 174.51
968.27 0 184.48
999.43 0 194.24
1030.3 0 203.76
1060.9 0 212.95
1091.2 0 221.75
1121.2 0 230.07
1151.1 0 237.83
1180.6 0 244.91
1210 0 251.18
1239.2 0 256.55
1268 0 261.05
1296.6 0 264.72
1324.8 0 267.69
1352.7 0 270.08
1380.2 0 272.03
1407.3 0 273.68
1434 0 275.18
1460.3 0 276.64
1486.2 0 278.17
1511.8 0 279.84
1537 0 281.71
1561.9 0 283.82
1586.4 0 286.19
1610.6 0 288.83
1634.4 0 291.74
1658 0 294.92
1681.3 0 298.36
1704.2 0 302.05
1726.9 0 305.95
1749.3 0 310.03
1771.5 0 314.25
1793.4 0 318.6
1815.1 0 323.04
1836.6 0 327.57
1857.8 0 332.18
1878.9 0 336.84
1899.7 0 341.55
1920.3 0 346.3
1940.7 0 351.09
1961 0 355.91
1981 0 360.74
2000.8 0 365.6
2020.5 0 370.47
2039.9 0 375.34
2059.2 0 380.22
2078.3 0 385.1
2097.2 0 389.97
2115.9 0 394.84
2134.5 0 399.7
2152.8 0 404.55
2171 0 409.38
2189 0 414.19
2206.8 0 418.99
2224.4 0 423.76
2241.9 0 428.5
2259.1 0 433.22
2276.2 0 437.9
2293 0 442.54
2309.7 0 447.14
2326.1 0 451.7
2342.3 0 456.21
2358.4 0 460.66
2374.1 0 465.04
2389.7 0 469.35
2404.9 0 473.59
2419.9 0 477.74
2434.5 0 481.81
2448.8 0 485.78
2462.7 0 489.63
2476 0 493.34
2488.8 0 496.88
2500 0 500

0 500 0
45.9 500 3.672
89.88 500 7.1904
132.82 500 10.646
174.95 500 14.232
216.4 500 18.087
257.22 500 22.264
297.46 500 26.791
337.15 500 31.69
376.31 500 36.975
414.96 500 42.66
453.11 500 48.762
490.76 500 55.295
527.92 500 62.276
564.58 500 69.724
600.73 500 77.657
636.38 500 86.098
671.53 500 95.025
706.18 500 104.35
740.37 500 113.99
774.11 500 123.87
807.42 500 133.91
840.33 500 144.06
872.85 500 159.15
905 500 164.42
936.8 500 174.51
968.27 500 184.48
999.43 500 194.24
1030.3 500 203.76
1060.9 500 212.95
1091.2 500 221.75
1121.2 500 230.07
1151.1 500 237.83
1180.6 500 244.91
1210 500 251.18
1239.2 500 256.55
1268 500 261.05
1296.6 500 264.72
1324.8 500 267.69
1352.7 500 270.08
1380.2 500 272.03
1407.3 500 273.68
1434 500 275.18
1460.3 500 276.64
1486.2 500 278.17
1511.8 500 279.84
1537 500 281.71
1561.9 500 283.82
1586.4 500 286.19
1610.6 500 288.83
1634.4 500 291.74
1658 500 294.92
1681.3 500 298.36
1704.2 500 302.05
1726.9 500 305.95
1749.3 500 310.03
1771.5 500 314.25
1793.4 500 318.6
1815.1 500 323.04
1836.6 500 327.57
1857.8 500 332.18
1878.9 500 336.84
1899.7 500 341.55
1920.3 500 346.3
1940.7 500 351.09
1961 500 355.91
1981 500 360.74
2000.8 500 365.6
2020.5 500 370.47
2039.9 500 375.34
2059.2 500 380.22
2078.3 500 385.1
2097.2 500 389.97
2115.9 500 394.84
2134.5 500 399.7
2152.8 500 404.55
2171 500 409.38
2189 500 414.19
2206.8 500 418.99
2224.4 500 423.76
2241.9 500 428.5
2259.1 500 433.22
2276.2 500 437.9
2293 500 442.54
2309.7 500 447.14
2326.1 500 451.7
2342.3 500 456.21
2358.4 500 460.66
2374.1 500 465.04
2389.7 500 469.35
2404.9 500 473.59
2419.9 500 477.74
2434.5 500 481.81
2448.8 500 485.78
2462.7 500 489.63
2476 500 493.34
2488.8 500 496.88
2500 500 500

0 1000 0
45.9 1000 3.672
89.88 1000 7.1904
132.82 1000 10.646
174.95 1000 14.232
216.4 1000 18.087
257.22 1000 22.264
297.46 1000 26.791
337.15 1000 31.69
376.31 1000 36.975
414.96 1000 42.66
453.11 1000 48.762
490.76 1000 55.295
527.92 1000 62.276
564.58 1000 69.724
600.73 1000 77.657
636.38 1000 86.098
671.53 1000 95.025
706.18 1000 104.35
740.37 1000 113.99
774.11 1000 123.87
807.42 1000 133.91
840.33 1000 144.06
872.85 1000 159.15
905 1000 164.42
936.8 1000 174.51
968.27 1000 184.48
999.43 1000 194.24
1030.3 1000 203.76
1060.9 1000 212.95
1091.2 1000 221.75
1121.2 1000 230.07
1151.1 1000 237.83
1180.6 1000 244.91
1210 1000 251.18
1239.2 1000 256.55
1268 1000 261.05
1296.6 1000 264.72
1324.8 1000 267.69
1352.7 1000 270.08
1380.2 1000 272.03
1407.3 1000 273.68
1434 1000 275.18
1460.3 1000 276.64
1486.2 1000 278.17
1511.8 1000 279.84
1537 1000 281.71
1561.9 1000 283.82
1586.4 1000 286.19
1610.6 1000 288.83
1634.4 1000 291.74
1658 1000 294.92
1681.3 1000 298.36
1704.2 1000 302.05
1726.9 1000 305.95
1749.3 1000 310.03
1771.5 1000 314.25
1793.4 1000 318.6
1815.1 1000 323.04
1836.6 1000 327.57
1857.8 1000 332.18
1878.9 1000 336.84
1899.7 1000 341.55
1920.3 1000 346.3
1940.7 1000 351.09
1961 1000 355.91
1981 1000 360.74
2000.8 1000 365.6
2020.5 1000 370.47
2039.9 1000 375.34
2059.2 1000 380.22
2078.3 1000 385.1
2097.2 1000 389.97
2115.9 1000 394.84
2134.5 1000 399.7
2152.8 1000 404.55
2171 1000 409.38
2189 1000 414.19
2206.8 1000 418.99
2224.4 1000 423.76
2241.9 1000 428.5
2259.1 1000 433.22
2276.2 1000 437.9
2293 1000 442.54
2309.7 1000 447.14
2326.1 1000 451.7
2342.3 1000 456.21
2358.4 1000 460.66
2374.1 1000 465.04
2389.7 1000 469.35
2404.9 1000 473.59
2419.9 1000 477.74
2434.5 1000 481.81
2448.8 1000 485.78
2462.7 1000 489.63
2476 1000 493.34
2488.8 1000 496.88
2500 1000 500
